0,16.031894,161.989026,-283.855445
0,3.990998,160.841689,-283.534154
0,16.203632,159.447050,-283.124605
0,-0.768927,162.584974,-283.739944
0,15.329212,167.003499,-284.872609
0,14.112110,167.828795,-284.876933
0,2.295458,154.094593,-282.032750
0,3.868979,165.514348,-284.228050
0,9.409346,155.915222,-282.768972
0,11.934736,160.119734,-283.547910
0,1.273646,160.590927,-283.481350
0,1.303070,155.715073,-282.597266
0,5.748888,165.273947,-284.440165
0,13.668527,162.624291,-284.025752
0,11.446727,165.682617,-284.705379
0,13.481520,156.915259,-282.716923
0,12.618748,164.706591,-284.533120
0,1.586567,164.033267,-283.927165
0,13.305903,161.503910,-283.790906
0,7.861636,164.592965,-284.577648
0,8.789400,154.978285,-282.519809
0,3.395100,153.765142,-281.941700
0,-1.787347,163.797171,-283.863514
0,7.334961,172.753896,-284.704188
0,8.012751,158.382629,-283.237945
0,9.329409,167.534113,-285.072480
0,-4.355027,166.450733,-283.925793
0,8.819166,163.847148,-284.496037
0,2.903299,160.816195,-283.539548
0,3.523653,172.768398,-284.746963
0,9.804640,154.369682,-282.245846
0,15.791477,164.471068,-284.430098
0,2.837590,171.081741,-284.708562
0,8.817159,169.694907,-284.812282
0,1.749768,157.359235,-282.966841
0,-3.800314,160.918520,-283.363931
0,15.079241,166.092337,-284.711041
0,1.115088,169.858829,-284.400907
0,0.351113,164.182920,-283.899997
0,1.379928,172.692601,-284.529600
0,6.030442,172.655890,-284.726303
0,10.053065,169.623299,-284.847263
0,-3.294510,162.568582,-283.698297
0,4.685861,153.813933,-282.010738
0,3.552676,169.312684,-284.671623
0,3.898448,156.448564,-282.740205
0,-2.776667,169.409110,-283.900340
0,8.198281,162.716625,-284.200688
0,-2.373826,160.076896,-283.247778
0,8.669901,170.532271,-284.732134
0,14.603613,158.110280,-282.930258
0,5.596341,171.161061,-284.736080
0,5.965279,155.928410,-282.700232
0,0.262939,167.653111,-284.043693
0,12.904681,165.684261,-284.649445
0,-2.043607,169.941472,-283.929413
0,-1.860413,157.826415,-283.061120
0,3.350103,171.868905,-284.743993
0,3.055451,162.527814,-283.842959
0,-1.683866,168.185312,-283.930048
0,14.688971,161.291767,-283.715774
0,9.417412,165.290185,-284.755874
0,13.494637,170.739400,-285.195274
0,4.461855,173.293237,-284.748941
0,8.711005,172.968920,-284.684774
0,6.824916,154.498067,-282.367126
0,0.599093,156.540142,-282.844319
0,-1.498794,160.167336,-283.287916
0,0.369438,172.704827,-284.297533
0,12.726040,168.152727,-284.826233
0,12.213222,161.022066,-283.734868
0,12.784507,156.085426,-282.528490
0,2.311826,166.070576,-284.112140
0,-0.966396,158.733678,-283.159169
0,9.610235,173.407511,-284.685627
0,0.195308,154.541074,-282.134605
0,10.306658,156.215236,-282.816154
0,14.605153,159.802254,-283.370824
0,14.051488,169.606430,-285.127993
0,6.548892,165.712371,-284.638090
0,6.126602,166.552900,-284.687788
0,11.566556,163.155073,-284.305228
0,3.326907,170.269630,-284.714803
0,1.320682,171.627675,-284.525090
0,-0.230313,155.356284,-282.469615
0,10.929329,166.388138,-284.780372
0,-0.372860,170.623694,-284.145467
0,12.206186,157.436809,-282.988120
0,12.853828,163.288823,-284.223787
0,9.473621,162.339122,-284.171864
0,-0.131532,168.627666,-284.075136
0,2.804865,157.238464,-282.912706
0,10.604849,160.628288,-283.722889
0,6.783455,164.771809,-284.493237
0,5.789530,157.595577,-283.001797
0,6.255312,163.542191,-284.179731
0,-0.053702,171.530531,-284.210819
0,0.672294,170.956263,-284.377006
0,10.385794,158.808253,-283.334003
0,9.642191,161.137107,-283.866144
0,1.695172,159.579578,-283.310644
0,1.003262,167.175437,-284.071397
0,11.953538,168.635207,-284.839665
0,-3.095698,158.639589,-283.091341
0,2.171820,165.166577,-284.021439
0,7.028229,156.416482,-282.850675
0,10.388100,155.329497,-282.550210
0,7.577408,160.910060,-283.716687
0,-4.931778,164.911807,-283.888093
0,10.473933,171.396810,-284.761267
0,-0.003220,158.069239,-283.104667
0,13.147021,157.870059,-283.016286
0,0.085967,162.595650,-283.763667
0,-3.578742,160.087506,-283.237236
0,6.203238,153.171303,-281.798508
0,5.307411,172.111812,-284.740292
0,-1.464984,156.356715,-282.808549
0,4.242873,168.490421,-284.652015
0,14.779758,164.622569,-284.439599
0,3.168087,165.026735,-284.099897
0,-4.145488,163.545622,-283.811372
0,-0.483029,163.839320,-283.869278
0,11.395274,169.683237,-284.859155
0,1.839548,154.938862,-282.337853
0,11.543571,161.966429,-284.001192
0,11.204410,172.215088,-284.810601
0,12.340198,166.698868,-284.735574
0,7.272179,163.956237,-284.384170
0,-4.141985,159.365926,-283.141591
0,11.127728,170.504402,-284.843615
0,12.424382,159.233597,-283.343070
0,7.076602,158.755114,-283.257628
0,6.102640,167.910081,-284.752659
0,9.551978,171.299565,-284.712366
0,7.408475,155.616939,-282.692084
0,4.230036,171.965541,-284.753968
0,6.584826,162.540449,-284.005163
0,14.293034,166.753478,-284.773741
0,8.785021,166.217096,-284.909943
1,14.320081,184.127075,-304.087555
1,14.922742,184.130646,-304.325287
1,15.198421,184.142487,-304.383698
1,15.643750,184.151321,-304.528839
1,16.091167,184.172058,-304.616241
1,16.406878,184.180191,-304.709900
1,17.025240,184.213272,-304.808960
1,17.206099,184.219452,-304.855133
1,17.464216,184.234543,-304.890106
1,17.921072,184.267548,-304.921143
1,18.365105,184.304459,-304.927429
1,18.837345,184.358765,-304.860077
1,19.141552,184.393982,-304.815552
1,19.376469,184.434723,-304.714508
1,19.853621,184.512375,-304.534271
1,20.182629,184.592377,-304.279724
1,20.311163,184.623322,-304.181824
1,20.502115,184.692078,-303.924164
1,20.659739,184.750168,-303.704956
1,20.692448,184.772552,-303.608582
1,20.887943,184.889923,-303.113525
1,20.919201,184.943253,-302.864227
1,20.996613,185.038162,-302.429749
1,20.993727,185.104370,-302.102539
1,20.989285,185.180588,-301.725403
1,20.947966,185.243820,-301.396606
1,20.852829,185.354294,-300.812408
1,20.793425,185.404648,-300.539337
1,20.648689,185.496796,-300.024384
1,20.630594,185.508530,-299.958923
1,20.496344,185.583435,-299.533325
1,20.316845,185.670166,-299.030273
1,20.276464,185.694794,-298.891937
1,20.237871,185.716125,-298.770569
1,20.035280,185.813446,-298.205597
1,19.898344,185.874527,-297.846893
1,19.836313,185.902695,-297.681946
1,19.667841,185.989563,-297.182922
1,19.654776,185.996017,-297.145599
1,19.466904,186.101624,-296.546143
1,19.460224,186.104935,-296.526947
1,19.226318,186.224884,-295.837372
1,19.216438,186.229355,-295.811188
1,19.191406,186.238571,-295.755157
1,18.997355,186.319641,-295.273895
1,18.905481,186.354477,-295.063446
1,18.787401,186.397598,-294.801117
1,18.625252,186.454514,-294.452271
1,18.506628,186.488800,-294.233185
1,18.237675,186.552704,-293.804718
1,18.222748,186.556808,-293.778107
1,18.213673,186.559036,-293.763336
1,17.933336,186.629654,-293.296936
1,17.742632,186.669479,-293.020142
1,17.532137,186.702133,-292.770142
1,17.388103,186.722534,-292.608734
1,17.317347,186.733139,-292.526520
1,17.168251,186.759674,-292.332794
1,16.776230,186.799286,-291.971741
1,16.724697,186.805893,-291.917358
1,16.686501,186.808899,-291.886414
1,16.229971,186.837051,-291.554413
1,16.227303,186.837234,-291.552399
1,16.226917,186.837234,-291.552216
1,15.686712,186.847931,-291.270782
1,15.491190,186.843857,-291.208038
1,14.969123,186.828140,-291.064301
1,14.556609,186.797440,-291.040741
1,14.290783,186.780228,-291.012909
1,14.194325,186.771500,-291.015015
1,14.058021,186.753784,-291.044495
1,13.429315,186.685699,-291.113434
1,12.789818,186.573792,-291.393555
1,12.727392,186.564468,-291.412994
1,12.624916,186.540710,-291.486542
1,12.119846,186.429871,-291.818329
1,11.963753,186.381912,-291.988342
1,11.656135,186.285431,-292.333099
1,11.552357,186.242233,-292.501740
1,11.420443,186.191315,-292.696655
1,11.250482,186.108627,-293.031708
1,11.166624,186.067291,-293.199707
1,10.939561,185.912552,-293.865326
1,10.901178,185.885345,-293.983093
1,10.876594,185.860504,-294.094971
1,10.771336,185.750717,-294.590881
1,10.731081,185.713104,-294.759033
1,10.705487,185.681595,-294.903290
1,10.631110,185.604675,-295.250549
1,10.551441,185.500626,-295.729034
1,10.515746,185.458679,-295.920441
1,10.508160,185.450867,-295.955658
1,10.500630,185.441528,-295.998444
1,10.405402,185.295944,-296.674896
1,10.385356,185.186401,-297.205750
1,10.382154,185.145325,-297.406616
1,10.418289,185.024063,-298.018890
1,10.456053,184.975098,-298.275970
1,10.538280,184.886734,-298.745819
1,10.625371,184.838272,-299.021301
1,10.672746,184.811783,-299.171814
1,10.732687,184.768814,-299.408722
1,10.787903,184.730576,-299.620392
1,10.934336,184.651108,-300.073669
1,10.963553,184.634415,-300.168213
1,11.210676,184.534546,-300.764587
1,11.240351,184.521530,-300.841187
1,11.243970,184.519974,-300.850372
1,11.254676,184.517059,-300.869293
1,11.528394,184.433624,-301.396027
1,11.676468,184.398163,-301.633270
1,11.804484,184.365265,-301.849518
1,12.053541,184.314835,-302.203247
1,12.148777,184.299271,-302.320160
1,12.420297,184.256714,-302.644745
1,12.479856,184.246262,-302.721405
1,12.528998,184.240723,-302.769440
1,12.862835,184.193436,-303.143707
1,13.004992,184.183044,-303.255066
1,13.273971,184.161331,-303.475861
1,13.324346,184.156693,-303.520020
1,13.373919,184.153259,-303.557953
1,13.749657,184.132614,-303.818695
1,14.274450,184.126862,-304.069336
1,14.301171,184.126572,-304.082092
1,14.320081,184.127075,-304.087555
2,-18.544535,175.988571,-301.837341
2,-18.140976,176.122849,-301.975494
2,-17.904367,176.201843,-302.055115
2,-17.704233,176.274673,-302.093140
2,-17.192307,176.460098,-302.194519
2,-16.510752,176.723877,-302.246674
2,-16.442095,176.750275,-302.252777
2,-16.385294,176.773422,-302.251434
2,-15.688951,177.056702,-302.237366
2,-14.949819,177.376999,-302.126434
2,-14.932909,177.384232,-302.124329
2,-14.911981,177.393906,-302.118225
2,-14.239384,177.700241,-301.944489
2,-13.857594,177.888031,-301.777863
2,-13.630884,177.998795,-301.682556
2,-13.092939,178.284485,-301.344482
2,-13.041966,178.311493,-301.312744
2,-12.977716,178.349747,-301.252197
2,-12.614603,178.559372,-300.941895
2,-12.400835,178.693924,-300.704620
2,-12.284126,178.764862,-300.587463
2,-11.896099,179.018051,-300.113068
2,-11.879184,179.028610,-300.094696
2,-11.861379,179.041931,-300.064606
2,-11.485126,179.303894,-299.523987
2,-11.357461,179.410629,-299.253265
2,-11.241031,179.500336,-299.043701
2,-11.072286,179.626297,-298.759796
2,-10.934243,179.746902,-298.441559
2,-10.841035,179.837280,-298.182953
2,-10.716375,179.948929,-297.882202
2,-10.633036,180.022812,-297.684875
2,-10.553444,180.100815,-297.459961
2,-10.420551,180.230820,-297.085663
2,-10.279418,180.400635,-296.532654
2,-10.242205,180.446747,-296.380341
2,-10.213677,180.488815,-296.230652
2,-10.110929,180.655487,-295.617462
2,-10.075662,180.724945,-295.347076
2,-10.027126,180.856491,-294.798981
2,-10.013768,180.910080,-294.563019
2,-10.011333,180.981171,-294.219940
2,-9.998994,181.032333,-293.993805
2,-9.991432,181.133545,-293.513428
2,-10.002839,181.187744,-293.225677
2,-10.039514,181.268661,-292.757416
2,-10.125381,181.344666,-292.216217
2,-10.170299,181.373245,-291.987823
2,-10.248612,181.386673,-291.767822
2,-10.405037,181.434418,-291.225861
2,-10.683032,181.419754,-290.749817
2,-10.742128,181.419754,-290.633301
2,-10.868488,181.396683,-290.497223
2,-11.157707,181.352890,-290.141602
2,-11.584650,181.237473,-289.865082
2,-11.720569,181.202362,-289.769073
2,-11.830297,181.165451,-289.733521
2,-12.355556,180.999863,-289.508759
2,-12.941446,180.781998,-289.420410
2,-13.037377,180.748154,-289.397003
2,-13.132486,180.710754,-289.392578
2,-13.749522,180.464020,-289.384125
2,-14.092529,180.317245,-289.426453
2,-14.740710,180.018326,-289.612000
2,-14.825613,179.979706,-289.633698
2,-14.859356,179.963455,-289.646759
2,-14.915780,179.934464,-289.677460
2,-15.494839,179.646912,-289.943573
2,-15.847031,179.460495,-290.161804
2,-15.856986,179.455139,-290.168457
2,-16.257328,179.234711,-290.458252
2,-16.373281,179.166870,-290.561737
2,-16.864948,178.874527,-291.023590
2,-16.881655,178.864731,-291.038574
2,-16.885603,178.862335,-291.042542
2,-17.312477,178.592422,-291.522217
2,-17.425671,178.518112,-291.662872
2,-17.686239,178.340149,-292.020325
2,-17.949207,178.149612,-292.434570
2,-17.996723,178.116394,-292.503479
2,-18.045046,178.080383,-292.584473
2,-18.221331,177.947632,-292.886780
2,-18.357426,177.844925,-293.121185
2,-18.508453,177.722504,-293.422729
2,-18.704489,177.563019,-293.816895
2,-18.844774,177.454575,-294.071198
2,-19.025818,177.308701,-294.428253
2,-19.032478,177.303284,-294.441681
2,-19.262184,177.119629,-294.887756
2,-19.337620,177.055893,-295.051086
2,-19.429930,176.978271,-295.248993
2,-19.730562,176.736481,-295.839905
2,-19.824095,176.658356,-296.037872
2,-19.970150,176.531509,-296.370819
2,-20.054317,176.454346,-296.582642
2,-20.128128,176.375214,-296.824402
2,-20.305895,176.195847,-297.351929
2,-20.391890,176.068069,-297.807800
2,-20.455273,175.951202,-298.254822
2,-20.481701,175.877945,-298.561249
2,-20.483950,175.810272,-298.888031
2,-20.480709,175.766525,-299.108521
2,-20.433012,175.718628,-299.436920
2,-20.322889,175.693329,-299.777710
2,-20.268471,175.662369,-300.036469
2,-20.005821,175.660751,-300.561981
2,-19.986183,175.658813,-300.610168
2,-19.865149,175.675507,-300.766998
2,-19.603407,175.711395,-301.107147
2,-19.514551,175.732819,-301.177368
2,-19.103697,175.825760,-301.532257
2,-18.752790,175.929047,-301.718262
2,-18.544535,175.988571,-301.837341
